2
95
162
41
97
65
136
36
7
25
3
5
38
99
53
42
139
109
13
20
125
6
15
10
11
12
77
21
119
16
74
19
18
28
17
24
23
82
29
26
32
27
34
33
30
84
35
52
122
48
37
133
90
137
58
43
46
40
44
45
50
49
55
47
56
54
51
57
106
70
64
61
60
66
166
68
63
71
67
69
73
72
75
78
76
81
80
135
86
118
83
120
124
89
149
147
87
88
93
92
91
108
94
102
96
103
104
100
105
107
101
143
110
112
111
113
116
115
114
121
141
123
117
132
165
129
128
127
131
130
126
134
151
138
157
146
142
159
158
145
144
152
154
150
153
148
156
160
161
155
140
163
164
98
170
85
