200
1 323 15 82.703
2 44 43 92.417
3 1334 3 95.527
4 497 29 26.922
5 298 12 52.689
6 1272 52 87.521
7 168 56 42.049
8 470 16 51.99
9 1434 20 12.528
10 1171 49 43.785
11 31 34 36.75
12 477 24 36.994
13 804 12 88.121
14 878 27 37.535
15 226 30 92.316
16 201 21 48.9
17 633 19 40.893
18 209 25 44.695
19 884 30 88.812
20 366 41 68.086
21 170 6 30.78
22 545 12 61.277
23 1431 25 89.591
24 886 23 35.541
25 129 34 20.4
26 892 15 90.392
27 1147 42 11.046
28 642 4 19.935
29 502 35 18.612
30 213 40 83.363
31 475 27 3.292
32 448 34 53.031
33 1041 14 67.975
34 878 21 31.255
35 1038 23 96.696
36 350 31 75.266
37 543 30 63.757
38 64 21 23.931
39 394 11 46.711
40 704 1 16.91
41 370 53 63.715
42 1363 19 45.099
43 1184 54 2.342
44 301 20 49.066
45 778 14 76.006
46 560 54 2.688
47 1380 27 90.878
48 1196 14 91.958
49 164 42 59.406
50 555 59 48.504
51 1009 23 25.296
52 196 40 15.479
53 173 3 99.24
54 1050 38 83.861
55 330 60 13.101
56 868 18 83.813
57 628 21 96.378
58 618 56 93.338
59 123 48 39.622
60 51 52 25.594
61 1430 2 63.903
62 631 48 14.117
63 676 2 75.213
64 565 8 3.974
65 1299 12 0.025
66 883 45 2.06
67 1170 10 44.349
68 131 36 36.909
69 861 9 20.285
70 869 59 67.656
71 800 44 86.43
72 1057 16 4.87
73 792 18 88.7
74 347 46 28.16
75 41 21 87.532
76 244 14 17.484
77 1275 44 39.592
78 615 58 44.731
79 36 35 73.129
80 1310 50 67.767
81 1426 58 13.484
82 1374 9 10.291
83 863 11 47.289
84 523 15 47.632
85 124 3 94.256
86 1080 26 33.66
87 116 33 11.001
88 1034 12 29.674
89 628 2 63.393
90 227 47 18.638
91 154 17 74.97
92 1366 12 43.623
93 120 34 62.696
94 1378 20 63.989
95 39 4 65.411
96 999 58 66.833
97 859 37 85.581
98 703 12 78.039
99 603 48 3.347
100 877 43 65.488
101 311 7 76.597
102 1203 10 59.583
103 466 40 78.357
104 709 16 23.389
105 955 8 83.162
106 723 46 45.882
107 964 25 89.816
108 891 43 6.061
109 884 10 11.346
110 545 60 52.629
111 1258 12 75.098
112 550 16 78.788
113 1181 3 36.658
114 1223 6 30.009
115 675 43 30.534
116 862 52 13.715
117 776 17 71.576
118 1002 25 18.436
119 1320 36 19.854
120 1107 49 78.705
121 547 6 94.963
122 160 33 68.284
123 323 37 33.62
124 818 51 20.731
125 610 52 40.855
126 1174 53 43.765
127 277 52 95.072
128 156 39 20.486
129 648 4 20.594
130 379 43 40.162
131 1240 50 6.447
132 1251 14 22.517
133 701 39 54.688
134 1168 24 7.972
135 1432 32 78.533
136 804 44 59.343
137 213 5 7.279
138 1395 58 24.786
139 561 4 96.246
140 1261 24 38.424
141 1279 45 21.188
142 1109 38 50.644
143 625 18 42.099
144 453 51 32.815
145 657 11 64.427
146 775 22 75.384
147 811 20 56.426
148 831 25 1.571
149 976 43 17.421
150 184 11 8.77
151 336 24 79.148
152 483 45 67.366
153 788 29 95.374
154 917 54 35.716
155 111 11 17.954
156 123 45 43.332
157 39 24 42.437
158 681 12 89.568
159 1436 46 48.972
160 1380 54 27.61
161 225 26 37.052
162 1142 20 1.427
163 575 41 37.366
164 1353 38 1.074
165 515 32 48.085
166 1001 31 63.528
167 53 48 33.9
168 1123 37 45.879
169 708 9 16.556
170 1080 58 16.446
171 751 42 74.557
172 1173 14 39.87
173 548 60 55.024
174 613 23 93.395
175 66 3 10.562
176 550 7 16.74
177 952 47 61.132
178 949 20 29.822
179 610 50 48.058
180 1326 11 34.828
181 322 13 9.348
182 434 56 66.541
183 314 19 30.734
184 194 34 65.003
185 788 40 11.442
186 335 22 35.774
187 641 4 72.22
188 162 35 35.165
189 1241 37 81.447
190 1355 44 32.513
191 1031 12 64.282
192 827 10 69.289
193 1027 18 31.226
194 410 14 87.645
195 364 26 32.284
196 641 25 34.28
197 771 24 66.532
198 291 34 78.768
199 575 52 76.93
200 1348 38 29.372
