100
1 487 25 1.206
2 1197 2 38.182
3 817 10 67.902
4 1069 7 10.829
5 831 58 84.63
6 308 35 37.734
7 1114 51 34.628
8 1185 7 83.283
9 57 33 77.286
10 185 31 52.342
11 589 28 1.188
12 456 12 88.496
13 704 15 73.767
14 1048 49 64.593
15 886 43 80.492
16 982 57 57.085
17 1172 6 37.941
18 313 27 10.469
19 417 20 63.839
20 1313 19 4.499
21 752 1 8.098
22 1241 49 45.913
23 117 60 83.644
24 649 20 7.281
25 532 59 30.231
26 838 60 97.037
27 1193 53 89.834
28 1309 56 82.524
29 153 41 48.353
30 526 28 85.161
31 96 40 10.754
32 944 37 76.152
33 472 55 86.214
34 2 27 34.345
35 816 43 15.105
36 375 1 52.916
37 898 33 33.451
38 681 13 65.387
39 1278 20 88.316
40 651 35 28.603
41 505 7 22.043
42 654 26 32.891
43 424 21 27.952
44 799 4 16.321
45 1248 41 94.923
46 1403 36 28.83
47 654 22 98.286
48 1219 43 62.898
49 1095 46 25.703
50 86 31 96.095
51 1026 35 77.549
52 665 43 41.557
53 799 36 55.092
54 423 37 5.03
55 727 17 91.017
56 1183 36 46.144
57 524 17 75.268
58 438 47 31.369
59 382 46 96.662
60 11 52 20.974
61 177 25 73.178
62 649 17 77.669
63 913 57 60.075
64 282 30 48.222
65 424 8 27.434
66 914 34 37.583
67 1405 23 63.067
68 378 34 86.245
69 108 42 91.313
70 1407 28 23.739
71 1073 23 58.517
72 99 45 26.251
73 1165 5 49.499
74 94 53 85.803
75 115 56 43.427
76 802 22 60.57
77 50 44 20.619
78 1024 13 86.106
79 563 12 77.837
80 926 11 8.675
81 938 57 33.459
82 982 40 59.686
83 866 53 14.618
84 672 10 20.823
85 534 47 44.387
86 672 44 60.461
87 483 58 32.245
88 1015 17 61.506
89 33 35 38.097
90 149 1 25.661
91 1434 9 94.374
92 710 56 26.015
93 1073 57 89.827
94 717 39 86.738
95 610 30 32.691
96 440 7 51.885
97 384 4 99.919
98 941 29 60.591
99 1105 35 8.285
100 137 41 5.629
