100
1 1110 42 42.08
2 305 29 51.002
3 860 15 75.68
4 527 24 45.006
5 630 20 33.97
6 610 27 77.408
7 156 49 44.456
8 664 47 16.452
9 303 22 87.655
10 835 53 35.751
11 270 59 67.328
12 482 54 64.054
13 600 36 52.095
14 1060 26 46.892
15 905 35 28.039
16 1363 6 51.199
17 76 13 73.777
18 103 26 87.386
19 660 42 91.52
20 592 12 74.538
21 935 13 37.816
22 21 19 72.371
23 961 32 31.211
24 773 34 68.269
25 993 12 41.285
26 130 10 39.202
27 374 3 83.567
28 1342 23 16.206
29 1035 7 71.131
30 1030 47 80.985
31 539 24 72.677
32 15 21 12.387
33 952 51 33.55
34 839 15 24.074
35 843 1 12.905
36 1146 19 50.611
37 1414 34 17.143
38 1028 24 11.024
39 928 47 76.636
40 231 3 95.6
41 1143 35 83.899
42 177 44 75.944
43 1414 5 98.695
44 435 3 76.101
45 1301 59 10.561
46 68 40 90.644
47 301 29 68.448
48 818 16 68.764
49 61 57 20.602
50 891 35 78.849
51 538 60 69.716
52 107 24 44.241
53 1028 52 87.264
54 1148 46 10.064
55 513 17 7.697
56 520 20 52.541
57 463 24 64.316
58 832 35 0.71
59 348 6 37.683
60 181 10 97.536
61 350 32 44.926
62 69 51 34.331
63 1058 44 2.32
64 605 2 8.512
65 593 53 77.387
66 937 43 67.227
67 191 35 41.71
68 1351 45 87.217
69 789 35 17.198
70 283 12 10.377
71 623 46 36.38
72 1105 29 80.647
73 346 8 47.544
74 866 42 49.45
75 11 23 46.641
76 751 34 38.446
77 842 35 42.024
78 343 45 23.665
79 1328 5 7.769
80 1241 17 68.094
81 1329 11 26.468
82 1180 15 73.003
83 118 44 79.987
84 401 43 84.721
85 1377 52 35.822
86 100 56 56.635
87 336 2 25.073
88 1255 33 46.189
89 920 19 66.433
90 1259 27 90.72
91 1018 3 65.534
92 889 2 10.287
93 476 1 12.661
94 146 43 88.977
95 1203 33 43.677
96 396 32 33.326
97 215 20 71.565
98 1224 15 19.032
99 1001 36 34.231
100 662 14 13.124
