1 749 18 54.129
2 930 24 24.121
3 784 13 86.591
4 5 29 98.533
5 662 13 78.264
6 1116 18 58.393
7 250 11 54.501
8 60 1 64.542
9 1422 21 42.343
10 818 23 95.776
11 268 39 67.293
12 1035 58 48.608
13 698 32 16.801
14 1292 15 47.505
15 813 22 39.454
16 206 29 21.398
17 323 6 66.176
18 1278 1 71.695
19 135 59 85.238
20 38 37 59.157
21 462 21 29.363
22 1103 59 15.374
23 249 11 18.81
24 53 60 7.283
25 394 51 47.455
26 595 47 45.726
27 1298 17 23.906
28 1077 39 13.032
29 311 54 12.278
30 834 12 75.659
31 893 12 33.971
32 28 44 77.936
33 961 25 25.551
34 752 38 57.929
35 958 21 47.408
36 720 21 51.881
37 469 13 52.133
38 146 53 42.7
39 1369 32 55.65
40 816 33 12.93
41 336 43 21.011
42 314 49 58.764
43 505 1 86.093
44 934 15 8.192
45 574 14 64.379
46 902 26 9.403
47 1157 15 20.362
48 227 9 52.119
49 787 53 22.585
50 825 17 5.263
51 10 9 49.322
52 1055 37 57.971
53 6 53 54.901
54 566 46 89.793
55 712 57 81.226
56 901 59 44.097
57 1026 10 38.681
58 1036 15 38.693
59 1310 29 61.89
60 643 51 53.672
61 1291 11 82.225
62 912 52 0.914
63 734 21 73.606
64 813 33 10.517
65 247 41 74.166
66 1309 34 80.883
67 470 48 3.262
68 1204 33 49.749
69 1000 60 15.823
70 224 22 83.87
71 510 38 68.484
72 289 57 82.058
73 624 48 14.782
74 119 34 6.474
75 178 59 65.203
76 903 24 26.048
77 815 39 90.102
78 274 26 46.068
79 1124 38 53.261
80 1102 29 95.583
81 1262 38 87.671
82 659 26 29.462
83 142 35 22.226
84 85 22 29.794
85 787 57 40.002
86 1058 42 6.976
87 455 22 61.842
88 138 4 98.523
89 831 9 81.617
90 325 60 27.84
91 33 34 38.795
92 967 44 87.897
93 1068 57 83.537
94 550 2 36.708
95 425 36 50.051
96 1030 53 44.1
97 1207 4 34.199
98 94 57 70.129
99 629 54 22.32
100 1224 20 14.882
101 977 36 12.946
102 804 53 37.317
103 1225 46 63.339
104 1151 2 51.488
105 294 29 57.361
106 69 4 16.85
107 1343 32 99.06
108 934 33 16.471
109 240 35 41.924
110 603 17 38.898
111 910 27 3.188
112 1181 27 99.724
113 777 55 18.605
114 1349 6 23.999
115 1322 59 98.783
116 1189 60 53.492
117 941 24 21.838
118 1427 13 50.373
119 824 5 29.646
120 117 30 17.266
121 759 22 5.363
122 480 7 8.03
123 1132 39 95.718
124 585 34 17.419
125 1228 16 32.052
126 107 56 57.557
127 947 52 71.356
128 132 49 61.895
129 958 8 29.255
130 934 19 58.119
131 119 28 36.1
132 595 27 22.645
133 1240 8 89.608
134 890 25 17.882
135 227 44 49.243
136 1116 6 80.866
137 575 31 42.92
138 303 19 1.967
139 940 51 53.145
140 555 38 35.46
141 1438 13 54.603
142 968 17 3.105
143 1206 41 26.529
144 408 59 99.074
145 897 2 70.178
146 279 51 55.712
147 860 44 73.295
148 526 8 62.173
149 895 46 59.424
150 731 15 34.509
