200
1 258 16 7.838
2 1287 60 62.561
3 251 55 52.582
4 957 46 48.457
5 561 32 12.894
6 748 5 66.544
7 318 47 51.938
8 1056 44 8.523
9 43 28 10.318
10 1040 13 47.047
11 1261 16 1.699
12 665 54 58.55
13 980 31 75.185
14 1183 40 7.695
15 229 36 86.262
16 260 24 57.336
17 888 36 94.332
18 946 15 15.887
19 893 5 59.546
20 345 58 68.581
21 906 1 98.714
22 872 14 71.083
23 1327 6 31.446
24 1114 16 55.214
25 26 40 84.507
26 527 49 70.253
27 565 59 94.174
28 505 28 3.263
29 681 48 68.994
30 1235 38 77.894
31 1354 4 8.699
32 688 28 75.333
33 930 7 85.362
34 553 33 39.505
35 965 41 83.469
36 845 24 15.948
37 209 56 75.538
38 63 6 76.669
39 1109 23 86.489
40 239 32 47.874
41 367 40 85.883
42 501 43 80.913
43 36 49 68.921
44 919 27 9.329
45 382 37 14.082
46 315 38 99.158
47 1228 53 37.549
48 1197 51 43.472
49 1221 52 22.052
50 805 45 93.764
51 6 40 56.32
52 1397 10 25.689
53 339 54 93.776
54 731 17 52.717
55 189 44 88.942
56 377 32 97.714
57 800 37 35.812
58 840 42 40.008
59 931 43 94.821
60 1098 51 85.337
61 117 52 3.446
62 1341 55 96.63
63 792 42 89.773
64 742 29 29.965
65 305 14 68.418
66 725 12 5.403
67 837 7 66.112
68 1078 18 23.539
69 304 60 43.049
70 366 23 16.392
71 180 23 25.181
72 1042 17 95.368
73 1016 13 73.518
74 912 50 75.309
75 292 35 92.115
76 1249 20 24.477
77 1202 31 25.784
78 1375 21 1.478
79 21 29 96.097
80 1249 24 67.529
81 924 58 4.817
82 869 23 47.662
83 461 1 0.323
84 1144 3 43.172
85 1228 3 13.336
86 553 40 13.401
87 1146 49 84.23
88 586 36 28.699
89 374 48 95.836
90 1000 41 67.016
91 621 6 31.194
92 747 12 30.593
93 822 40 95.188
94 1087 36 49.11
95 887 58 19.093
96 283 24 59.991
97 1215 50 47.594
98 970 46 35.607
99 909 53 2.055
100 1258 24 97.593
101 127 47 87.287
102 619 1 80.886
103 831 49 97.315
104 143 49 44.225
105 399 4 49.649
106 78 27 79.227
107 929 32 19.105
108 532 28 6.312
109 1182 27 81.276
110 1089 5 17.944
111 1308 57 70.171
112 17 34 12.288
113 499 28 27.83
114 1058 20 38.428
115 660 8 29.12
116 344 59 81.892
117 755 22 55.633
118 505 28 83.803
119 445 28 64.341
120 1244 45 17.993
121 1361 5 40.287
122 92 15 0.121
123 270 40 62.703
124 97 11 91.92
125 1265 46 45.326
126 846 41 70.706
127 284 59 50.426
128 481 38 74.53
129 996 47 26.809
130 421 12 67.854
131 1162 20 80.725
132 305 11 46.414
133 374 60 96.866
134 1287 48 46.299
135 667 50 45.878
136 1328 27 69.251
137 936 60 26.375
138 606 9 11.55
139 42 49 75.842
140 823 4 33.629
141 895 21 43.709
142 979 23 9.271
143 798 48 52.619
144 193 40 75.408
145 846 14 23.357
146 311 39 61.388
147 1390 54 92.395
148 204 39 16.657
149 270 40 31.442
150 1067 17 9.005
151 453 55 22.708
152 410 51 85.779
153 814 46 56.162
154 628 46 4.686
155 1161 8 95.568
156 792 29 38.599
157 1310 53 94.001
158 1228 27 9.552
159 774 26 65.481
160 926 25 4.533
161 1301 12 87.336
162 862 29 81.551
163 236 2 9.62
164 283 24 84.845
165 1016 23 1.224
166 1276 16 37.986
167 1132 54 2.011
168 416 40 98.307
169 366 18 4.683
170 1432 50 7.607
171 247 13 54.603
172 1055 13 46.312
173 1350 26 39.556
174 277 29 25.168
175 389 36 71.698
176 882 45 5.771
177 815 14 83.738
178 790 6 64.512
179 403 17 73.092
180 1250 31 53.706
181 345 20 56.07
182 706 21 72.569
183 820 19 92.283
184 529 43 73.876
185 1427 3 82.086
186 220 1 90.931
187 158 39 27.222
188 1372 14 65.996
189 631 46 48.271
190 238 8 74.007
191 1176 44 5.67
192 868 30 80.852
193 673 27 21.703
194 220 4 14.407
195 1362 25 20.015
196 353 19 86.113
197 1028 37 41.095
198 1061 58 71.016
199 1373 58 98.184
200 281 30 69.012
